----Intel 12700H: 6 performance cores / 8 efficiency cores / 20 threads

== phase 1: small-producer grid nb=0, ns/nc 1..14 (body=1 batch=256) ==
K    nc  nb  ns  body   bat          N      sec     Mpps    MiB/s   stalls  note
 8    1   0   1     1   256   16000000    0.158  101.399    773.6        0
 8    2   0   1     1   256   16000000    0.163   98.325    750.2        0
 8    3   0   1     1   256   16000000    0.158  101.445    774.0        0
 8    4   0   1     1   256   16000000    0.190   84.029    641.1        0
 8    5   0   1     1   256   16000000    0.211   75.926    579.3        0
 8    6   0   1     1   256   16000000    0.221   72.462    552.8        0
 8    7   0   1     1   256   16000000    0.229   69.914    533.4        0
 8    8   0   1     1   256   16000000    0.230   69.615    531.1        0
 8    9   0   1     1   256   16000000    0.222   72.177    550.7        0
 8   10   0   1     1   256   16000000    0.233   68.764    524.6        0
 8   11   0   1     1   256   16000000    0.242   66.227    505.3        0
 8   12   0   1     1   256   16000000    0.217   73.748    562.7        0
 8   13   0   1     1   256   16000000    0.212   75.392    575.2        0
 8   14   0   1     1   256   16000000    0.225   71.210    543.3        0
 8    1   0   2     1   256   16000000    0.117  137.069   1045.8   745917
 8    2   0   2     1   256   16000000    0.086  185.735   1417.0        0
 8    3   0   2     1   256   16000000    0.092  174.372   1330.4        0
 8    4   0   2     1   256   16000000    0.093  171.694   1309.9        0
 8    5   0   2     1   256   16000000    0.101  158.007   1205.5        0
 8    6   0   2     1   256   16000000    0.122  130.833    998.2        0
 8    7   0   2     1   256   16000000    0.136  117.758    898.4        0
 8    8   0   2     1   256   16000000    0.145  110.054    839.6        0
 8    9   0   2     1   256   16000000    0.141  113.365    864.9        0
 8   10   0   2     1   256   16000000    0.140  114.410    872.9        0
 8   11   0   2     1   256   16000000    0.134  119.072    908.4        0
 8   12   0   2     1   256   16000000    0.137  116.765    890.8        0
 8   13   0   2     1   256   16000000    0.148  107.802    822.5        0
 8   14   0   2     1   256   16000000    0.150  106.435    812.0        0
 8    1   0   3     1   256   16000000    0.120  133.021   1014.9  1731813
 8    2   0   3     1   256   16000000    0.074  216.513   1651.9   496593
 8    3   0   3     1   256   16000000    0.068  233.579   1782.1     5144
 8    4   0   3     1   256   16000000    0.066  243.286   1856.1        0
 8    5   0   3     1   256   16000000    0.071  226.927   1731.3        0
 8    6   0   3     1   256   16000000    0.069  232.142   1771.1        0
 8    7   0   3     1   256   16000000    0.080  199.398   1521.3        1
 8    8   0   3     1   256   16000000    0.086  186.559   1423.3        0
 8    9   0   3     1   256   16000000    0.094  170.502   1300.8        0
 8   10   0   3     1   256   16000000    0.096  166.241   1268.3        0
 8   11   0   3     1   256   16000000    0.102  156.190   1191.6        0
 8   12   0   3     1   256   16000000    0.112  143.253   1092.9        0
 8   13   0   3     1   256   16000000    0.109  146.737   1119.5        0
 8   14   0   3     1   256   16000000    0.112  143.285   1093.2        0
 8    1   0   4     1   256   16000000    0.123  129.689    989.4  2552394
 8    2   0   4     1   256   16000000    0.072  222.150   1694.9   867509
 8    3   0   4     1   256   16000000    0.060  264.464   2017.7   403887
 8    4   0   4     1   256   16000000    0.055  288.547   2201.4    15011
 8    5   0   4     1   256   16000000    0.058  274.355   2093.2    91249
 8    6   0   4     1   256   16000000    0.060  268.504   2048.5     3995
 8    7   0   4     1   256   16000000    0.058  276.856   2112.2        0
 8    8   0   4     1   256   16000000    0.065  248.043   1892.4        0
 8    9   0   4     1   256   16000000    0.068  234.408   1788.4        0
 8   10   0   4     1   256   16000000    0.071  225.537   1720.7        0
 8   11   0   4     1   256   16000000    0.078  204.359   1559.1        1
 8   12   0   4     1   256   16000000    0.079  203.134   1549.8        0
 8   13   0   4     1   256   16000000    0.084  189.904   1448.9        3
 8   14   0   4     1   256   16000000    0.083  192.598   1469.4        0
 8    1   0   5     1   256   16000000    0.122  131.471   1003.0  3167613
 8    2   0   5     1   256   16000000    0.073  217.702   1660.9  1369416
 8    3   0   5     1   256   16000000    0.062  257.939   1967.9   825168
 8    4   0   5     1   256   16000000    0.055  290.570   2216.9   500359
 8    5   0   5     1   256   16000000    0.052  310.540   2369.2   214747
 8    6   0   5     1   256   16000000    0.054  298.677   2278.7    23024
 8    7   0   5     1   256   16000000    0.051  314.349   2398.3        0
 8    8   0   5     1   256   16000000    0.053  302.650   2309.0    35736
 8    9   0   5     1   256   16000000    0.057  280.368   2139.0     3352
 8   10   0   5     1   256   16000000    0.062  258.312   1970.8        0
 8   11   0   5     1   256   16000000    0.062  257.368   1963.6        0
 8   12   0   5     1   256   16000000    0.059  271.364   2070.3     7189
 8   13   0   5     1   256   16000000    0.067  240.499   1834.9        2
 8   14   0   5     1   256   16000000    0.067  238.967   1823.2      319
 8    1   0   6     1   256   16000000    0.121  132.018   1007.2  4070588
 8    2   0   6     1   256   16000000    0.076  210.851   1608.7  2125836
 8    3   0   6     1   256   16000000    0.062  257.717   1966.2  1016939
 8    4   0   6     1   256   16000000    0.055  291.272   2222.2   713124
 8    5   0   6     1   256   16000000    0.054  298.179   2274.9   521108
 8    6   0   6     1   256   16000000    0.051  315.738   2408.9   241595
 8    7   0   6     1   256   16000000    0.052  310.070   2365.6   109683
 8    8   0   6     1   256   16000000    0.048  336.029   2563.7    58302
 8    9   0   6     1   256   16000000    0.045  352.370   2688.4      437
 8   10   0   6     1   256   16000000    0.049  326.751   2492.9      994
 8   11   0   6     1   256   16000000    0.048  334.327   2550.7        0
 8   12   0   6     1   256   16000000    0.050  319.097   2434.5      757
 8   13   0   6     1   256   16000000    0.048  335.322   2558.3      180
 8   14   0   6     1   256   16000000    0.053  300.685   2294.0     7414
 8    1   0   7     1   256   16000000    0.121  132.505   1010.9  4637738
 8    2   0   7     1   256   16000000    0.072  221.877   1692.8  2131552
 8    3   0   7     1   256   16000000    0.064  249.714   1905.2  1568021
 8    4   0   7     1   256   16000000    0.056  287.531   2193.7   998704
 8    5   0   7     1   256   16000000    0.051  314.018   2395.8   626140
 8    6   0   7     1   256   16000000    0.050  317.560   2422.8   382601
 8    7   0   7     1   256   16000000    0.048  333.403   2543.7   177666
 8    8   0   7     1   256   16000000    0.049  329.094   2510.8   340051
 8    9   0   7     1   256   16000000    0.046  349.934   2669.8    89379
 8   10   0   7     1   256   16000000    0.047  343.457   2620.4    75325
 8   11   0   7     1   256   16000000    0.045  353.967   2700.6    17757
 8   12   0   7     1   256   16000000    0.043  371.790   2836.5    14851
 8   13   0   7     1   256   16000000    0.047  343.962   2624.2     5200
 8   14   0   7     1   256   16000000    0.054  297.924   2273.0    19707
 8    1   0   8     1   256   16000000    0.121  132.191   1008.5  5187253
 8    2   0   8     1   256   16000000    0.074  215.393   1643.3  2792618
 8    3   0   8     1   256   16000000    0.065  247.712   1889.9  1922421
 8    4   0   8     1   256   16000000    0.057  281.368   2146.7  1351385
 8    5   0   8     1   256   16000000    0.054  294.641   2247.9   900759
 8    6   0   8     1   256   16000000    0.051  314.260   2397.6   790485
 8    7   0   8     1   256   16000000    0.046  347.355   2650.1   504614
 8    8   0   8     1   256   16000000    0.047  340.616   2598.7   324622
 8    9   0   8     1   256   16000000    0.047  342.382   2612.2   386252
 8   10   0   8     1   256   16000000    0.045  354.015   2700.9   171258
 8   11   0   8     1   256   16000000    0.046  349.324   2665.1   187073
 8   12   0   8     1   256   16000000    0.044  364.319   2779.5    17772
 8   13   0   8     1   256   16000000    0.051  314.595   2400.2     6779
 8   14   0   8     1   256   16000000    0.052  308.340   2352.4    17220
 8    1   0   9     1   256   16000000    0.121  132.776   1013.0  5789338
 8    2   0   9     1   256   16000000    0.076  210.031   1602.4  3048398
 8    3   0   9     1   256   16000000    0.062  257.445   1964.2  2067245
 8    4   0   9     1   256   16000000    0.058  274.450   2093.9  1740321
 8    5   0   9     1   256   16000000    0.053  302.192   2305.5  1186213
 8    6   0   9     1   256   16000000    0.050  321.933   2456.2   930988
 8    7   0   9     1   256   16000000    0.046  346.702   2645.1   686644
 8    8   0   9     1   256   16000000    0.047  341.546   2605.8   601248
 8    9   0   9     1   256   16000000    0.046  351.107   2678.7   406162
 8   10   0   9     1   256   16000000    0.044  366.235   2794.2   226580
 8   11   0   9     1   256   16000000    0.043  371.794   2836.6    60728
 8   12   0   9     1   256   16000000    0.042  376.650   2873.6    38187
 8   13   0   9     1   256   16000000    0.040  396.999   3028.9    24645
 8   14   0   9     1   256   16000000    0.055  290.135   2213.6     6013
 8    1   0  10     1   256   16000000    0.119  134.350   1025.0  6006790
 8    2   0  10     1   256   16000000    0.075  213.598   1629.6  3440879
 8    3   0  10     1   256   16000000    0.064  249.577   1904.1  2556080
 8    4   0  10     1   256   16000000    0.057  282.516   2155.4  1880532
 8    5   0  10     1   256   16000000    0.054  296.171   2259.6  1511846
 8    6   0  10     1   256   16000000    0.051  311.787   2378.7  1049020
 8    7   0  10     1   256   16000000    0.050  320.972   2448.8  1179555
 8    8   0  10     1   256   16000000    0.047  338.832   2585.1   773621
 8    9   0  10     1   256   16000000    0.047  336.971   2570.9   753942
 8   10   0  10     1   256   16000000    0.045  354.346   2703.4   391265
 8   11   0  10     1   256   16000000    0.047  342.359   2612.0   150696
 8   12   0  10     1   256   16000000    0.049  324.311   2474.3    48400
 8   13   0  10     1   256   16000000    0.048  333.155   2541.8     2074
 8   14   0  10     1   256   16000000    0.051  315.642   2408.2     2234
 8    1   0  11     1   256   16000000    0.136  117.358    895.4  8099249
 8    2   0  11     1   256   16000000    0.072  220.961   1685.8  3554932
 8    3   0  11     1   256   16000000    0.067  239.686   1828.7  3075870
 8    4   0  11     1   256   16000000    0.059  271.357   2070.3  2275448
 8    5   0  11     1   256   16000000    0.054  294.557   2247.3  1789511
 8    6   0  11     1   256   16000000    0.051  311.213   2374.4  1472124
 8    7   0  11     1   256   16000000    0.049  327.317   2497.2  1128974
 8    8   0  11     1   256   16000000    0.049  326.163   2488.4  1097635
 8    9   0  11     1   256   16000000    0.046  350.774   2676.2   650847
 8   10   0  11     1   256   16000000    0.044  364.060   2777.6   292095
 8   11   0  11     1   256   16000000    0.049  323.247   2466.2   131519
 8   12   0  11     1   256   16000000    0.042  381.624   2911.6     9780
 8   13   0  11     1   256   16000000    0.046  346.572   2644.1     1968
 8   14   0  11     1   256   16000000    0.055  291.923   2227.2     6871
 8    1   0  12     1   256   16000000    0.150  106.625    813.5  9921127
 8    2   0  12     1   256   16000000    0.080  200.863   1532.5  4386029
 8    3   0  12     1   256   16000000    0.067  240.330   1833.6  3357859
 8    4   0  12     1   256   16000000    0.057  278.676   2126.1  2480875
 8    5   0  12     1   256   16000000    0.056  286.900   2188.9  2184655
 8    6   0  12     1   256   16000000    0.051  313.168   2389.3  1652017
 8    7   0  12     1   256   16000000    0.050  322.754   2462.4  1418394
 8    8   0  12     1   256   16000000    0.046  349.975   2670.1   724668
 8    9   0  12     1   256   16000000    0.047  341.842   2608.0   595961
 8   10   0  12     1   256   16000000    0.045  352.216   2687.2   323506
 8   11   0  12     1   256   16000000    0.043  368.331   2810.1    87332
 8   12   0  12     1   256   16000000    0.046  348.598   2659.6    44470
 8   13   0  12     1   256   16000000    0.048  334.315   2550.6    12004
 8   14   0  12     1   256   16000000    0.052  310.075   2365.7    20651
 8    1   0  13     1   256   16000000    0.144  111.488    850.6  9990163
 8    2   0  13     1   256   16000000    0.087  183.225   1397.9  5801810
 8    3   0  13     1   256   16000000    0.068  233.990   1785.2  3798341
 8    4   0  13     1   256   16000000    0.061  263.040   2006.8  3065189
 8    5   0  13     1   256   16000000    0.057  282.156   2152.7  2462747
 8    6   0  13     1   256   16000000    0.054  298.275   2275.7  1976578
 8    7   0  13     1   256   16000000    0.052  310.430   2368.4  1480114
 8    8   0  13     1   256   16000000    0.046  344.838   2630.9   728662
 8    9   0  13     1   256   16000000    0.049  324.601   2476.5   110896
 8   10   0  13     1   256   16000000    0.044  366.222   2794.0   190591
 8   11   0  13     1   256   16000000    0.045  354.813   2707.0    46069
 8   12   0  13     1   256   16000000    0.044  365.425   2788.0     9186
 8   13   0  13     1   256   16000000    0.046  346.557   2644.0     2679
 8   14   0  13     1   256   16000000    0.051  314.783   2401.6     4999
 8    1   0  14     1   256   16000000    0.136  117.492    896.4  9985186
 8    2   0  14     1   256   16000000    0.084  191.598   1461.8  5731570
 8    3   0  14     1   256   16000000    0.072  223.053   1701.8  4367834
 8    4   0  14     1   256   16000000    0.061  264.024   2014.3  3044607
 8    5   0  14     1   256   16000000    0.057  281.058   2144.3  2586078
 8    6   0  14     1   256   16000000    0.052  306.806   2340.7  1906498
 8    7   0  14     1   256   16000000    0.049  326.216   2488.8  1043005
 8    8   0  14     1   256   16000000    0.049  325.601   2484.1   750691
 8    9   0  14     1   256   16000000    0.045  356.068   2716.6   457849
 8   10   0  14     1   256   16000000    0.046  346.500   2643.6   153938
 8   11   0  14     1   256   16000000    0.042  378.688   2889.2    41264
 8   12   0  14     1   256   16000000    0.047  343.494   2620.7    74577
 8   13   0  14     1   256   16000000    0.047  338.996   2586.3     2218
 8   14   0  14     1   256   16000000    0.050  318.973   2433.6    10654

best small-producer grid: nc=13 ns=9  396.999 Mpps  3028.9 MiB/s
grid aggregate: 196 topologies  mean=255.424 Mpps  stddev=90.222 Mpps  median=282.156 Mpps


Ant Farm throughput  Ln=2097152 (16.0 MiB)  repeats=3  callback=per-worker-batched  huge=yes

== phase 1: small-producer grid nb=0, ns/nc 1..14 (body=1 batch=1) ==
K    nc  nb  ns  body   bat          N      sec     Mpps    MiB/s   stalls  note
 8    1   0   1     1     1   16000000    0.744   21.510    164.1  1434510
 8    2   0   1     1     1   16000000    1.539   10.393     79.3  8865298
 8    3   0   1     1     1   16000000    1.071   14.933    113.9  3558010
 8    4   0   1     1     1   16000000    1.145   13.980    106.7  3941395
 8    5   0   1     1     1   16000000    1.143   14.001    106.8  3451234
 8    6   0   1     1     1   16000000    1.169   13.681    104.4  3417523
 8    7   0   1     1     1   16000000    1.183   13.530    103.2  3745603
 8    8   0   1     1     1   16000000    1.206   13.265    101.2  3636318
 8    9   0   1     1     1   16000000    1.293   12.377     94.4  4024366
 8   10   0   1     1     1   16000000    1.288   12.423     94.8  3714330
 8   11   0   1     1     1   16000000    1.322   12.104     92.3  3448196
 8   12   0   1     1     1   16000000    1.306   12.247     93.4  2931371
 8   13   0   1     1     1   16000000    1.327   12.058     92.0  3356343
 8   14   0   1     1     1   16000000    1.329   12.044     91.9  2933896
 8    1   0   2     1     1   16000000    0.823   19.438    148.3   689016
 8    2   0   2     1     1   16000000    1.607    9.957     76.0 16365119
 8    3   0   2     1     1   16000000    1.182   13.535    103.3  5228351
 8    4   0   2     1     1   16000000    1.226   13.050     99.6  5352805
 8    5   0   2     1     1   16000000    1.159   13.807    105.3  2158628
 8    6   0   2     1     1   16000000    1.161   13.782    105.1  1517529
 8    7   0   2     1     1   16000000    1.159   13.804    105.3  1113464
 8    8   0   2     1     1   16000000    1.169   13.689    104.4  2033244
 8    9   0   2     1     1   16000000    1.184   13.511    103.1  1828584
 8   10   0   2     1     1   16000000    1.324   12.088     92.2  1671481
 8   11   0   2     1     1   16000000    1.349   11.857     90.5  1771311
 8   12   0   2     1     1   16000000    1.470   10.887     83.1  1224616
 8   13   0   2     1     1   16000000    1.444   11.077     84.5  1184976
 8   14   0   2     1     1   16000000    1.509   10.603     80.9  1114951
 8    1   0   3     1     1   16000000    1.016   15.740    120.1  1041259
 8    2   0   3     1     1   16000000    1.692    9.458     72.2 21199920
 8    3   0   3     1     1   16000000    1.319   12.134     92.6  9503101
 8    4   0   3     1     1   16000000    1.369   11.689     89.2  8964603
 8    5   0   3     1     1   16000000    1.403   11.406     87.0  7833938
 8    6   0   3     1     1   16000000    1.406   11.383     86.8  7968710
 8    7   0   3     1     1   16000000    1.508   10.607     80.9  8377360
 8    8   0   3     1     1   16000000    1.468   10.903     83.2  7769358
 8    9   0   3     1     1   16000000    1.492   10.722     81.8  7504891
 8   10   0   3     1     1   16000000    1.455   10.996     83.9  6284523
 8   11   0   3     1     1   16000000    1.509   10.601     80.9  6175505
 8   12   0   3     1     1   16000000    1.509   10.601     80.9  6409724
 8   13   0   3     1     1   16000000    1.463   10.936     83.4  4688189
 8   14   0   3     1     1   16000000    1.426   11.217     85.6  5189902
 8    1   0   4     1     1   16000000    0.962   16.629    126.9  1989896
 8    2   0   4     1     1   16000000    1.701    9.404     71.7 30016611
 8    3   0   4     1     1   16000000    1.395   11.472     87.5 12970461
 8    4   0   4     1     1   16000000    1.480   10.812     82.5 15174287
 8    5   0   4     1     1   16000000    1.506   10.625     81.1 15504632
 8    6   0   4     1     1   16000000    1.495   10.701     81.6 15078023
 8    7   0   4     1     1   16000000    1.502   10.651     81.3 14740474
 8    8   0   4     1     1   16000000    1.530   10.457     79.8 14070625
 8    9   0   4     1     1   16000000    1.605    9.966     76.0 15839709
 8   10   0   4     1     1   16000000    1.547   10.340     78.9 14766015
 8   11   0   4     1     1   16000000    1.540   10.390     79.3 14291810
 8   12   0   4     1     1   16000000    1.546   10.349     79.0 14548025
 8   13   0   4     1     1   16000000    1.522   10.513     80.2 13417557
 8   14   0   4     1     1   16000000    1.492   10.725     81.8 12168894
 8    1   0   5     1     1   16000000    0.981   16.302    124.4  9813039
 8    2   0   5     1     1   16000000    1.749    9.149     69.8 36859079
 8    3   0   5     1     1   16000000    1.391   11.504     87.8 20468534
 8    4   0   5     1     1   16000000    1.495   10.705     81.7 21818799
 8    5   0   5     1     1   16000000    1.500   10.667     81.4 21587860
 8    6   0   5     1     1   16000000    1.525   10.489     80.0 22591689
 8    7   0   5     1     1   16000000    1.546   10.347     78.9 23096552
 8    8   0   5     1     1   16000000    1.543   10.372     79.1 22130734
 8    9   0   5     1     1   16000000    1.647    9.717     74.1 24680364
 8   10   0   5     1     1   16000000    1.595   10.032     76.5 23386691
 8   11   0   5     1     1   16000000    1.619    9.880     75.4 22662395
 8   12   0   5     1     1   16000000    1.597   10.016     76.4 22454599
 8   13   0   5     1     1   16000000    1.592   10.051     76.7 21905433
 8   14   0   5     1     1   16000000    1.528   10.470     79.9 16677368
 8    1   0   6     1     1   16000000    1.010   15.847    120.9 13677220
 8    2   0   6     1     1   16000000    1.555   10.287     78.5 37460344
 8    3   0   6     1     1   16000000    1.359   11.775     89.8 24352494
 8    4   0   6     1     1   16000000    1.479   10.820     82.6 29277160
 8    5   0   6     1     1   16000000    1.538   10.402     79.4 29150181
 8    6   0   6     1     1   16000000    1.553   10.300     78.6 29810075
 8    7   0   6     1     1   16000000    1.574   10.166     77.6 29507472
 8    8   0   6     1     1   16000000    1.594   10.040     76.6 30584312
 8    9   0   6     1     1   16000000    1.668    9.595     73.2 33447342
 8   10   0   6     1     1   16000000    1.595   10.032     76.5 30877241
 8   11   0   6     1     1   16000000    1.603    9.982     76.2 30297371
 8   12   0   6     1     1   16000000    1.619    9.881     75.4 29719405
 8   13   0   6     1     1   16000000    1.632    9.802     74.8 18297541
 8   14   0   6     1     1   16000000    1.587   10.079     76.9 15034961
 8    1   0   7     1     1   16000000    1.024   15.631    119.3 16187577
 8    2   0   7     1     1   16000000    1.718    9.311     71.0 49841999
 8    3   0   7     1     1   16000000    1.379   11.600     88.5 30731347
 8    4   0   7     1     1   16000000    1.507   10.616     81.0 37418733
 8    5   0   7     1     1   16000000    1.547   10.343     78.9 36450001
 8    6   0   7     1     1   16000000    1.560   10.256     78.2 36933130
 8    7   0   7     1     1   16000000    1.591   10.058     76.7 39970138
 8    8   0   7     1     1   16000000    1.599   10.005     76.3 38465252
 8    9   0   7     1     1   16000000    1.695    9.439     72.0 39420895
 8   10   0   7     1     1   16000000    1.612    9.925     75.7 39620322
 8   11   0   7     1     1   16000000    1.631    9.809     74.8 33788924
 8   12   0   7     1     1   16000000    1.600   10.001     76.3 29714343
 8   13   0   7     1     1   16000000    1.556   10.284     78.5 19315047
 8   14   0   7     1     1   16000000    1.509   10.605     80.9 10035850
 8    1   0   8     1     1   16000000    1.085   14.747    112.5 19906881
 8    2   0   8     1     1   16000000    1.777    9.002     68.7 59173256
 8    3   0   8     1     1   16000000    1.437   11.137     85.0 39318428
 8    4   0   8     1     1   16000000    1.538   10.401     79.4 44018491
 8    5   0   8     1     1   16000000    1.583   10.108     77.1 47698429
 8    6   0   8     1     1   16000000    1.589   10.066     76.8 45405120
 8    7   0   8     1     1   16000000    1.520   10.524     80.3 39861950
 8    8   0   8     1     1   16000000    1.616    9.902     75.5 41248202
 8    9   0   8     1     1   16000000    1.711    9.353     71.4 42488888
 8   10   0   8     1     1   16000000    1.648    9.707     74.1 32902455
 8   11   0   8     1     1   16000000    1.619    9.881     75.4 18606755
 8   12   0   8     1     1   16000000    1.579   10.136     77.3 15042818
 8   13   0   8     1     1   16000000    1.687    9.482     72.3  1131478
 8   14   0   8     1     1   16000000    1.804    8.867     67.7   719673
 8    1   0   9     1     1   16000000    1.119   14.302    109.1 25839290
 8    2   0   9     1     1   16000000    1.799    8.893     67.8 69530613
 8    3   0   9     1     1   16000000    1.425   11.225     85.6 44549191
 8    4   0   9     1     1   16000000    1.557   10.273     78.4 51054676
 8    5   0   9     1     1   16000000    1.576   10.151     77.4 51008990
 8    6   0   9     1     1   16000000    1.608    9.947     75.9 51898833
 8    7   0   9     1     1   16000000    1.614    9.915     75.6 55322963
 8    8   0   9     1     1   16000000    1.611    9.934     75.8 53215408
 8    9   0   9     1     1   16000000    1.719    9.309     71.0 57279925
 8   10   0   9     1     1   16000000    1.607    9.958     76.0 44131418
 8   11   0   9     1     1   16000000    1.590   10.065     76.8 29583934
 8   12   0   9     1     1   16000000    1.657    9.657     73.7 18906994
 8   13   0   9     1     1   16000000    1.629    9.820     74.9  9627773
 8   14   0   9     1     1   16000000    1.542   10.376     79.2  7219802
 8    1   0  10     1     1   16000000    1.069   14.966    114.2 29700520
 8    2   0  10     1     1   16000000    1.779    8.994     68.6 79734728
 8    3   0  10     1     1   16000000    1.427   11.215     85.6 53092864
 8    4   0  10     1     1   16000000    1.585   10.096     77.0 62938982
 8    5   0  10     1     1   16000000    1.597   10.020     76.4 60495370
 8    6   0  10     1     1   16000000    1.598   10.015     76.4 62045972
 8    7   0  10     1     1   16000000    1.603    9.981     76.1 60239697
 8    8   0  10     1     1   16000000    1.604    9.974     76.1 61264165
 8    9   0  10     1     1   16000000    1.775    9.016     68.8 60185026
 8   10   0  10     1     1   16000000    1.630    9.816     74.9 37128622
 8   11   0  10     1     1   16000000    1.648    9.711     74.1 23247120
 8   12   0  10     1     1   16000000    1.572   10.176     77.6 10934730
 8   13   0  10     1     1   16000000    1.617    9.893     75.5  3106433
 8   14   0  10     1     1   16000000    1.583   10.109     77.1  2587698
 8    1   0  11     1     1   16000000    1.092   14.656    111.8 31471750
 8    2   0  11     1     1   16000000    1.903    8.409     64.2 95886932
 8    3   0  11     1     1   16000000    1.485   10.776     82.2 55798011
 8    4   0  11     1     1   16000000    1.653    9.678     73.8 26784955
 8    5   0  11     1     1   16000000    1.626    9.840     75.1 64596680
 8    6   0  11     1     1   16000000    1.634    9.794     74.7 59293940
 8    7   0  11     1     1   16000000    1.635    9.784     74.6 47699327
 8    8   0  11     1     1   16000000    1.658    9.653     73.6 35941153
 8    9   0  11     1     1   16000000    1.734    9.228     70.4 39187848
 8   10   0  11     1     1   16000000    1.639    9.764     74.5 23511847
 8   11   0  11     1     1   16000000    1.589   10.067     76.8 17601900
 8   12   0  11     1     1   16000000    1.626    9.839     75.1  8633864
 8   13   0  11     1     1   16000000    1.571   10.183     77.7  6285792
 8   14   0  11     1     1   16000000    1.655    9.666     73.7  3223519
 8    1   0  12     1     1   16000000    1.046   15.297    116.7 34546410
 8    2   0  12     1     1   16000000    1.905    8.400     64.1 104922119
 8    3   0  12     1     1   16000000    1.470   10.884     83.0 66563325
 8    4   0  12     1     1   16000000    1.568   10.206     77.9 73504829
 8    5   0  12     1     1   16000000    1.564   10.230     78.0 73889655
 8    6   0  12     1     1   16000000    1.577   10.144     77.4 66911462
 8    7   0  12     1     1   16000000    1.626    9.838     75.1 52240622
 8    8   0  12     1     1   16000000    1.600    9.998     76.3 45441304
 8    9   0  12     1     1   16000000    1.573   10.171     77.6 28405428
 8   10   0  12     1     1   16000000    1.594   10.039     76.6 21620928
 8   11   0  12     1     1   16000000    1.614    9.914     75.6 10280284
 8   12   0  12     1     1   16000000    1.542   10.378     79.2  7063131
 8   13   0  12     1     1   16000000    1.590   10.064     76.8  4983724
 8   14   0  12     1     1   16000000    1.537   10.411     79.4  3222379
 8    1   0  13     1     1   16000000    1.045   15.312    116.8 39098166
 8    2   0  13     1     1   16000000    1.814    8.819     67.3 107531629
 8    3   0  13     1     1   16000000    1.437   11.134     84.9 70774069
 8    4   0  13     1     1   16000000    1.500   10.667     81.4 76790665
 8    5   0  13     1     1   16000000    1.561   10.250     78.2 73057979
 8    6   0  13     1     1   16000000    1.579   10.133     77.3 64696463
 8    7   0  13     1     1   16000000    1.593   10.045     76.6 50740729
 8    8   0  13     1     1   16000000    1.605    9.967     76.0 31976948
 8    9   0  13     1     1   16000000    1.533   10.436     79.6 19079069
 8   10   0  13     1     1   16000000    1.637    9.772     74.6 13060098
 8   11   0  13     1     1   16000000    1.560   10.259     78.3 11714675
 8   12   0  13     1     1   16000000    1.610    9.936     75.8  4816318
 8   13   0  13     1     1   16000000    1.543   10.371     79.1  6360107
 8   14   0  13     1     1   16000000    1.565   10.224     78.0  4474332
 8    1   0  14     1     1   16000000    1.036   15.450    117.9 40055945
 8    2   0  14     1     1   16000000    1.787    8.952     68.3 113332346
 8    3   0  14     1     1   16000000    1.418   11.286     86.1 72018700
 8    4   0  14     1     1   16000000    1.502   10.653     81.3 76053962
 8    5   0  14     1     1   16000000    1.571   10.186     77.7 64425163
 8    6   0  14     1     1   16000000    1.557   10.276     78.4 52955092
 8    7   0  14     1     1   16000000    1.593   10.046     76.6 37525606
 8    8   0  14     1     1   16000000    1.577   10.146     77.4 25124491
 8    9   0  14     1     1   16000000    1.676    9.544     72.8 12864782
 8   10   0  14     1     1   16000000    1.594   10.039     76.6 15967332
 8   11   0  14     1     1   16000000    1.638    9.767     74.5  5648497
 8   12   0  14     1     1   16000000    1.629    9.819     74.9  4330949
 8   13   0  14     1     1   16000000    1.587   10.082     76.9  4857874
 8   14   0  14     1     1   16000000    1.563   10.234     78.1  2429863

best small-producer grid: nc=1 ns=1  21.510 Mpps  164.1 MiB/s
grid aggregate: 196 topologies  mean=10.918 Mpps  stddev=1.895 Mpps  median=10.259 Mpps

# Benchmark Results

Cells show **successfully dequeued items per second**; values are human-readable.

## moodycamel

### No tokens / Single

| Producers / Consumers | 1 | 2 | 4 | 6 | 8 | 10 | 12 |
| --- | ---: | ---: | ---: | ---: | ---: | ---: | ---: |
| 1 | 14.34 M/s | 10.17 M/s | 13.96 M/s | 14.30 M/s | 9.46 M/s | 12.00 M/s | 7.10 M/s |
| 2 | 12.79 M/s | 11.64 M/s | 11.83 M/s | 11.22 M/s | 12.59 M/s | 13.84 M/s | 13.26 M/s |
| 4 | 12.00 M/s | 10.72 M/s | 10.87 M/s | 12.04 M/s | 12.27 M/s | 13.27 M/s | 12.37 M/s |
| 6 | 11.07 M/s | 9.72 M/s | 11.09 M/s | 11.87 M/s | 10.63 M/s | 12.12 M/s | 12.93 M/s |
| 8 | 11.79 M/s | 9.36 M/s | 10.60 M/s | 11.69 M/s | 12.73 M/s | 12.77 M/s | 13.18 M/s |
| 10 | 9.61 M/s | 8.93 M/s | 10.48 M/s | 11.40 M/s | 12.15 M/s | 12.39 M/s | 13.43 M/s |
| 12 | 10.29 M/s | 9.22 M/s | 10.47 M/s | 10.87 M/s | 12.23 M/s | 11.93 M/s | 13.52 M/s |

### No tokens / Bulk

| Producers / Consumers | 1 | 2 | 4 | 6 | 8 | 10 | 12 |
| --- | ---: | ---: | ---: | ---: | ---: | ---: | ---: |
| 1 | 187.44 M/s | 147.44 M/s | 100.51 M/s | 92.47 M/s | 84.08 M/s | 80.36 M/s | 62.54 M/s |
| 2 | 179.69 M/s | 180.25 M/s | 145.08 M/s | 130.35 M/s | 109.82 M/s | 107.70 M/s | 125.91 M/s |
| 4 | 145.38 M/s | 134.66 M/s | 126.96 M/s | 128.32 M/s | 133.16 M/s | 122.00 M/s | 118.25 M/s |
| 6 | 86.12 M/s | 121.69 M/s | 114.45 M/s | 115.49 M/s | 109.87 M/s | 116.48 M/s | 114.31 M/s |
| 8 | 107.59 M/s | 115.95 M/s | 108.10 M/s | 114.78 M/s | 111.10 M/s | 109.64 M/s | 114.99 M/s |
| 10 | 87.34 M/s | 106.51 M/s | 108.21 M/s | 108.05 M/s | 108.75 M/s | 108.97 M/s | 109.40 M/s |
| 12 | 95.81 M/s | 101.89 M/s | 105.82 M/s | 105.15 M/s | 107.85 M/s | 107.87 M/s | 103.38 M/s |

### With tokens / Single

| Producers / Consumers | 1 | 2 | 4 | 6 | 8 | 10 | 12 |
| --- | ---: | ---: | ---: | ---: | ---: | ---: | ---: |
| 1 | 14.32 M/s | 18.45 M/s | 16.40 M/s | 14.77 M/s | 10.30 M/s | 9.10 M/s | 10.19 M/s |
| 2 | 12.05 M/s | 23.29 M/s | 19.91 M/s | 24.68 M/s | 25.67 M/s | 21.49 M/s | 24.44 M/s |
| 4 | 10.71 M/s | 20.07 M/s | 37.98 M/s | 36.66 M/s | 34.38 M/s | 38.07 M/s | 36.80 M/s |
| 6 | 10.35 M/s | 20.70 M/s | 34.15 M/s | 48.13 M/s | 49.58 M/s | 50.15 M/s | 53.08 M/s |
| 8 | 9.72 M/s | 19.10 M/s | 37.06 M/s | 56.61 M/s | 66.53 M/s | 64.61 M/s | 64.77 M/s |
| 10 | 9.78 M/s | 18.34 M/s | 35.67 M/s | 51.89 M/s | 64.32 M/s | 81.00 M/s | 75.54 M/s |
| 12 | 9.27 M/s | 19.01 M/s | 33.08 M/s | 48.85 M/s | 70.56 M/s | 74.24 M/s | 91.41 M/s |

### With tokens / Bulk

| Producers / Consumers | 1 | 2 | 4 | 6 | 8 | 10 | 12 |
| --- | ---: | ---: | ---: | ---: | ---: | ---: | ---: |
| 1 | 405.42 M/s | 207.23 M/s | 154.44 M/s | 117.55 M/s | 87.46 M/s | 113.32 M/s | 63.59 M/s |
| 2 | 275.79 M/s | 489.23 M/s | 298.24 M/s | 216.14 M/s | 182.71 M/s | 159.10 M/s | 110.55 M/s |
| 4 | 259.19 M/s | 449.05 M/s | 660.13 M/s | 488.20 M/s | 366.09 M/s | 281.57 M/s | 363.33 M/s |
| 6 | 227.67 M/s | 409.90 M/s | 669.24 M/s | 806.84 M/s | 747.55 M/s | 734.85 M/s | 522.83 M/s |
| 8 | 239.62 M/s | 357.03 M/s | 667.06 M/s | 892.12 M/s | 1.02 B/s | 1.07 B/s | 834.33 M/s |
| 10 | 242.82 M/s | 403.78 M/s | 608.54 M/s | 958.41 M/s | 1.06 B/s | 1.07 B/s | 742.60 M/s |
| 12 | 212.33 M/s | 366.43 M/s | 653.71 M/s | 774.74 M/s | 1.02 B/s | 1.04 B/s | 874.11 M/s |


--- Ryzen 5500 (6c/12t)
❯ ./perftest/throughput --huge yes --body 1 --batch 63 --grid 10 --ac 0 --constant-callandlength
Ant Farm throughput  Ln=2097152 (16.0 MiB)  repeats=3  callback=per-worker-batched  write=constant-callandlength  huge=yes

== phase 1: small-producer grid nb=0, ns/nc 1..10 (body=1 batch=63) ==
K    nc  nb  ns  body   bat          N      sec     Mpps    MiB/s   stalls  note
 8    1   0   1     1    63   16000000    0.117  136.365   1040.4        0
 8    2   0   1     1    63   16000000    0.134  119.176    909.2        0
 8    3   0   1     1    63   16000000    0.135  118.796    906.3        0
 8    4   0   1     1    63   16000000    0.134  119.325    910.4        0
 8    5   0   1     1    63   16000000    0.133  120.694    920.8        0
 8    6   0   1     1    63   16000000    0.134  119.088    908.6        0
 8    7   0   1     1    63   16000000    0.193   83.055    633.7        0
 8    8   0   1     1    63   16000000    0.193   82.991    633.2        0
 8    9   0   1     1    63   16000000    0.194   82.397    628.6        0
 8   10   0   1     1    63   16000000    0.194   82.505    629.5      126
 8    1   0   2     1    63   16000000    0.095  169.000   1289.4   126650
 8    2   0   2     1    63   16000000    0.089  180.242   1375.1        0
 8    3   0   2     1    63   16000000    0.092  173.894   1326.7        0
 8    4   0   2     1    63   16000000    0.091  176.028   1343.0        0
 8    5   0   2     1    63   16000000    0.104  153.989   1174.8        0
 8    6   0   2     1    63   16000000    0.116  138.466   1056.4        0
 8    7   0   2     1    63   16000000    0.115  138.720   1058.4      257
 8    8   0   2     1    63   16000000    0.118  135.123   1030.9        0
 8    9   0   2     1    63   16000000    0.116  137.359   1048.0        0
 8   10   0   2     1    63   16000000    0.121  131.849   1005.9        0
 8    1   0   3     1    63   16000000    0.094  170.853   1303.5   300680
 8    2   0   3     1    63   16000000    0.080  200.832   1532.2   164148
 8    3   0   3     1    63   16000000    0.052  304.979   2326.8      877
 8    4   0   3     1    63   16000000    0.083  191.635   1462.1        0
 8    5   0   3     1    63   16000000    0.086  185.398   1414.5        0
 8    6   0   3     1    63   16000000    0.084  190.381   1452.5     1948
 8    7   0   3     1    63   16000000    0.082  195.853   1494.2     1747
 8    8   0   3     1    63   16000000    0.084  189.502   1445.8        0
 8    9   0   3     1    63   16000000    0.086  185.728   1417.0     4955
 8   10   0   3     1    63   16000000    0.091  176.174   1344.1    22115
 8    1   0   4     1    63   16000000    0.089  180.736   1378.9   453263
 8    2   0   4     1    63   16000000    0.078  206.293   1573.9   299219
 8    3   0   4     1    63   16000000    0.061  260.508   1987.5    41922
 8    4   0   4     1    63   16000000    0.065  244.583   1866.0     2654
 8    5   0   4     1    63   16000000    0.069  233.200   1779.2     1018
 8    6   0   4     1    63   16000000    0.064  250.776   1913.3     3491
 8    7   0   4     1    63   16000000    0.065  247.505   1888.3     2356
 8    8   0   4     1    63   16000000    0.075  213.016   1625.2    21608
 8    9   0   4     1    63   16000000    0.097  165.029   1259.1     9256
 8   10   0   4     1    63   16000000    0.101  159.061   1213.5    29908
 8    1   0   5     1    63   16000000    0.089  179.322   1368.1   606430
 8    2   0   5     1    63   16000000    0.080  200.005   1525.9   348366
 8    3   0   5     1    63   16000000    0.058  273.552   2087.0    68524
 8    4   0   5     1    63   16000000    0.053  301.114   2297.3    35278
 8    5   0   5     1    63   16000000    0.053  303.968   2319.1     3236
 8    6   0   5     1    63   16000000    0.058  277.072   2113.9    41246
 8    7   0   5     1    63   16000000    0.052  305.261   2329.0     8107
 8    8   0   5     1    63   16000000    0.082  195.539   1491.8    15987
 8    9   0   5     1    63   16000000    0.090  178.071   1358.6     9629
 8   10   0   5     1    63   16000000    0.100  159.410   1216.2     4132
 8    1   0   6     1    63   16000000    0.094  170.143   1298.1   697248
 8    2   0   6     1    63   16000000    0.084  190.004   1449.6   428577
 8    3   0   6     1    63   16000000    0.079  203.155   1549.9   301510
 8    4   0   6     1    63   16000000    0.058  275.247   2100.0   172032
 8    5   0   6     1    63   16000000    0.051  312.844   2386.8    69348
 8    6   0   6     1    63   16000000    0.050  320.810   2447.6    55244
 8    7   0   6     1    63   16000000    0.070  226.994   1731.8    28180
 8    8   0   6     1    63   16000000    0.076  210.627   1607.0    25222
 8    9   0   6     1    63   16000000    0.080  199.978   1525.7    38698
 8   10   0   6     1    63   16000000    0.108  147.830   1127.9    12259
 8    1   0   7     1    63   16000000    0.096  166.205   1268.0   737069
 8    2   0   7     1    63   16000000    0.089  179.402   1368.7   551821
 8    3   0   7     1    63   16000000    0.068  234.510   1789.2   295171
 8    4   0   7     1    63   16000000    0.056  285.679   2179.6   168903
 8    5   0   7     1    63   16000000    0.055  290.838   2218.9   146979
 8    6   0   7     1    63   16000000    0.063  255.133   1946.5    41798
 8    7   0   7     1    63   16000000    0.071  226.069   1724.8    21659
 8    8   0   7     1    63   16000000    0.078  204.879   1563.1    13263
 8    9   0   7     1    63   16000000    0.088  180.884   1380.0    12196
 8   10   0   7     1    63   16000000    0.095  168.840   1288.1    34850
 8    1   0   8     1    63   16000000    0.115  138.947   1060.1  1082520
 8    2   0   8     1    63   16000000    0.089  180.789   1379.3   603054
 8    3   0   8     1    63   16000000    0.071  225.181   1718.0   385629
 8    4   0   8     1    63   16000000    0.060  268.375   2047.5   265506
 8    5   0   8     1    63   16000000    0.061  262.759   2004.7   131506
 8    6   0   8     1    63   16000000    0.056  287.715   2195.1    23669
 8    7   0   8     1    63   16000000    0.062  258.491   1972.1    41752
 8    8   0   8     1    63   16000000    0.071  224.635   1713.8    18662
 8    9   0   8     1    63   16000000    0.080  200.631   1530.7    16164
 8   10   0   8     1    63   16000000    0.093  171.330   1307.1     5224
 8    1   0   9     1    63   16000000    0.114  139.987   1068.0  1126220
 8    2   0   9     1    63   16000000    0.088  181.047   1381.3   716927
 8    3   0   9     1    63   16000000    0.073  217.932   1662.7   518652
 8    4   0   9     1    63   16000000    0.062  259.922   1983.0   211524
 8    5   0   9     1    63   16000000    0.060  267.903   2043.9   120513
 8    6   0   9     1    63   16000000    0.058  273.585   2087.3    48621
 8    7   0   9     1    63   16000000    0.068  233.725   1783.2    21129
 8    8   0   9     1    63   16000000    0.081  196.792   1501.4    36493
 8    9   0   9     1    63   16000000    0.086  185.956   1418.7    25979
 8   10   0   9     1    63   16000000    0.088  182.515   1392.5     9337
 8    1   0  10     1    63   16000000    0.121  131.720   1004.9  1233173
 8    2   0  10     1    63   16000000    0.104  154.514   1178.9  1005004
 8    3   0  10     1    63   16000000    0.074  216.826   1654.2   404595
 8    4   0  10     1    63   16000000    0.062  259.816   1982.2   184016
 8    5   0  10     1    63   16000000    0.055  290.599   2217.1    74423
 8    6   0  10     1    63   16000000    0.058  274.429   2093.7    68005
 8    7   0  10     1    63   16000000    0.062  257.184   1962.2    43676
 8    8   0  10     1    63   16000000    0.067  238.358   1818.5     9031
 8    9   0  10     1    63   16000000    0.079  203.483   1552.5    20073
 8   10   0  10     1    63   16000000    0.106  151.265   1154.1    14602

best small-producer grid: nc=6 ns=6  320.810 Mpps  2447.6 MiB/s
grid aggregate: 100 topologies  mean=201.109 Mpps  stddev=57.611 Mpps  median=195.539 Mpps

~/pi_ground/antfarm main* ⇡ 26s
❯ ./perftest/throughput --huge yes --body 1 --batch 32 --grid 10 --ac 0 --constant-callandlength
Ant Farm throughput  Ln=2097152 (16.0 MiB)  repeats=3  callback=per-worker-batched  write=constant-callandlength  huge=yes

== phase 1: small-producer grid nb=0, ns/nc 1..10 (body=1 batch=32) ==
K    nc  nb  ns  body   bat          N      sec     Mpps    MiB/s   stalls  note
 8    1   0   1     1    32   16000000    0.134  119.482    911.6        0
 8    2   0   1     1    32   16000000    0.149  107.240    818.2        0
 8    3   0   1     1    32   16000000    0.151  105.992    808.7        0
 8    4   0   1     1    32   16000000    0.151  106.126    809.7        0
 8    5   0   1     1    32   16000000    0.155  103.302    788.1      421
 8    6   0   1     1    32   16000000    0.155  103.354    788.5        0
 8    7   0   1     1    32   16000000    0.155  102.985    785.7        0
 8    8   0   1     1    32   16000000    0.157  102.066    778.7        0
 8    9   0   1     1    32   16000000    0.222   72.225    551.0        0
 8   10   0   1     1    32   16000000    0.225   71.266    543.7        0
 8    1   0   2     1    32   16000000    0.099  161.026   1228.5    64424
 8    2   0   2     1    32   16000000    0.118  135.252   1031.9        0
 8    3   0   2     1    32   16000000    0.117  136.314   1040.0        0
 8    4   0   2     1    32   16000000    0.117  136.568   1041.9        0
 8    5   0   2     1    32   16000000    0.128  125.348    956.3        0
 8    6   0   2     1    32   16000000    0.136  117.538    896.7        0
 8    7   0   2     1    32   16000000    0.153  104.728    799.0        0
 8    8   0   2     1    32   16000000    0.149  107.561    820.6        0
 8    9   0   2     1    32   16000000    0.146  109.908    838.5        0
 8   10   0   2     1    32   16000000    0.189   84.638    645.7    54715
 8    1   0   3     1    32   16000000    0.096  166.957   1273.8   251270
 8    2   0   3     1    32   16000000    0.086  186.406   1422.2   155985
 8    3   0   3     1    32   16000000    0.075  213.829   1631.4      194
 8    4   0   3     1    32   16000000    0.101  158.608   1210.1        0
 8    5   0   3     1    32   16000000    0.105  152.078   1160.3        0
 8    6   0   3     1    32   16000000    0.104  154.560   1179.2        0
 8    7   0   3     1    32   16000000    0.107  150.164   1145.7      236
 8    8   0   3     1    32   16000000    0.104  153.627   1172.1      102
 8    9   0   3     1    32   16000000    0.107  149.163   1138.0     3544
 8   10   0   3     1    32   16000000    0.158  101.403    773.6    10219
 8    1   0   4     1    32   16000000    0.096  166.116   1267.4   439111
 8    2   0   4     1    32   16000000    0.089  179.809   1371.8   301052
 8    3   0   4     1    32   16000000    0.073  220.098   1679.2     3974
 8    4   0   4     1    32   16000000    0.079  203.258   1550.7     1268
 8    5   0   4     1    32   16000000    0.077  206.992   1579.2     3782
 8    6   0   4     1    32   16000000    0.080  201.056   1533.9        0
 8    7   0   4     1    32   16000000    0.086  185.135   1412.5     1687
 8    8   0   4     1    32   16000000    0.087  184.170   1405.1    20034
 8    9   0   4     1    32   16000000    0.081  196.920   1502.4    12836
 8   10   0   4     1    32   16000000    0.127  126.290    963.5    20147
 8    1   0   5     1    32   16000000    0.095  168.346   1284.4   578578
 8    2   0   5     1    32   16000000    0.095  168.402   1284.8   381646
 8    3   0   5     1    32   16000000    0.064  248.854   1898.6    36993
 8    4   0   5     1    32   16000000    0.062  256.044   1953.5     5285
 8    5   0   5     1    32   16000000    0.064  251.600   1919.6     7712
 8    6   0   5     1    32   16000000    0.062  256.313   1955.5     5649
 8    7   0   5     1    32   16000000    0.066  241.515   1842.6    25261
 8    8   0   5     1    32   16000000    0.098  162.887   1242.7    20945
 8    9   0   5     1    32   16000000    0.103  155.352   1185.2    11647
 8   10   0   5     1    32   16000000    0.124  128.819    982.8     3612
 8    1   0   6     1    32   16000000    0.097  165.672   1264.0   621840
 8    2   0   6     1    32   16000000    0.089  180.032   1373.5   418520
 8    3   0   6     1    32   16000000    0.069  230.686   1760.0   161708
 8    4   0   6     1    32   16000000    0.060  266.312   2031.8    73699
 8    5   0   6     1    32   16000000    0.065  247.420   1887.7   116998
 8    6   0   6     1    32   16000000    0.063  254.747   1943.6    79244
 8    7   0   6     1    32   16000000    0.082  194.917   1487.1    27749
 8    8   0   6     1    32   16000000    0.088  182.423   1391.8    28536
 8    9   0   6     1    32   16000000    0.113  141.288   1077.9    27989
 8   10   0   6     1    32   16000000    0.149  107.254    818.3     9083
 8    1   0   7     1    32   16000000    0.099  161.128   1229.3   700820
 8    2   0   7     1    32   16000000    0.097  165.296   1261.1   559944
 8    3   0   7     1    32   16000000    0.071  225.344   1719.2   236201
 8    4   0   7     1    32   16000000    0.068  236.069   1801.1   209025
 8    5   0   7     1    32   16000000    0.066  241.088   1839.4   198562
 8    6   0   7     1    32   16000000    0.079  202.285   1543.3    94145
 8    7   0   7     1    32   16000000    0.081  196.984   1502.9    36999
 8    8   0   7     1    32   16000000    0.092  173.536   1324.0    49537
 8    9   0   7     1    32   16000000    0.096  166.355   1269.2    18563
 8   10   0   7     1    32   16000000    0.120  133.520   1018.7    11825
 8    1   0   8     1    32   16000000    0.123  130.475    995.4  1111601
 8    2   0   8     1    32   16000000    0.114  139.991   1068.0   893284
 8    3   0   8     1    32   16000000    0.078  204.521   1560.4   416819
 8    4   0   8     1    32   16000000    0.072  222.859   1700.3   161808
 8    5   0   8     1    32   16000000    0.078  206.059   1572.1   161185
 8    6   0   8     1    32   16000000    0.070  227.537   1736.0    59054
 8    7   0   8     1    32   16000000    0.075  214.110   1633.5    38650
 8    8   0   8     1    32   16000000    0.091  175.580   1339.6    31363
 8    9   0   8     1    32   16000000    0.103  155.366   1185.3    16544
 8   10   0   8     1    32   16000000    0.102  157.401   1200.9    57267
 8    1   0   9     1    32   16000000    0.105  153.038   1167.6   864577
 8    2   0   9     1    32   16000000    0.117  136.667   1042.7   998854
 8    3   0   9     1    32   16000000    0.087  183.911   1403.1   598404
 8    4   0   9     1    32   16000000    0.079  203.150   1549.9   339932
 8    5   0   9     1    32   16000000    0.070  227.886   1738.6   113497
 8    6   0   9     1    32   16000000    0.070  229.145   1748.2    56393
 8    7   0   9     1    32   16000000    0.076  209.579   1599.0    44435
 8    8   0   9     1    32   16000000    0.091  175.844   1341.6    27659
 8    9   0   9     1    32   16000000    0.112  143.284   1093.2    17193
 8   10   0   9     1    32   16000000    0.125  128.063    977.0     5288
 8    1   0  10     1    32   16000000    0.132  121.559    927.4  1350486
 8    2   0  10     1    32   16000000    0.119  134.778   1028.3   980984
 8    3   0  10     1    32   16000000    0.092  174.364   1330.3   514832
 8    4   0  10     1    32   16000000    0.075  213.399   1628.1   242884
 8    5   0  10     1    32   16000000    0.068  235.366   1795.7   114859
 8    6   0  10     1    32   16000000    0.067  240.316   1833.5    42134
 8    7   0  10     1    32   16000000    0.076  209.986   1602.1    38716
 8    8   0  10     1    32   16000000    0.085  188.652   1439.3    17774
 8    9   0  10     1    32   16000000    0.105  152.106   1160.5    10091
 8   10   0  10     1    32   16000000    0.108  148.780   1135.1    16043

best small-producer grid: nc=4 ns=6  266.312 Mpps  2031.8 MiB/s
grid aggregate: 100 topologies  mean=170.238 Mpps  stddev=47.555 Mpps  median=166.355 Mpps

~/pi_ground/antfarm main* ⇡ 30s
❯ ./perftest/throughput --huge yes --body 1 --batch 1 --grid 10 --ac 0 --constant-callandlength --n 200000
Ant Farm throughput  Ln=2097152 (16.0 MiB)  repeats=3  callback=per-worker-batched  write=constant-callandlength  huge=yes

== phase 1: small-producer grid nb=0, ns/nc 1..10 (body=1 batch=1) ==
K    nc  nb  ns  body   bat          N      sec     Mpps    MiB/s   stalls  note
 8    1   0   1     1     1     200000    0.014   14.256    108.8        0
 8    2   0   1     1     1     200000    0.018   11.419     87.1     3687
 8    3   0   1     1     1     200000    0.015   13.159    100.4        0
 8    4   0   1     1     1     200000    0.016   12.435     94.9       80
 8    5   0   1     1     1     200000    0.016   12.583     96.0        0
 8    6   0   1     1     1     200000    0.017   11.917     90.9        0
 8    7   0   1     1     1     200000    0.017   11.576     88.3        0
 8    8   0   1     1     1     200000    0.028    7.255     55.3        0
 8    9   0   1     1     1     200000    0.029    6.971     53.2        0
 8   10   0   1     1     1     200000    0.029    6.928     52.9        0
 8    1   0   2     1     1     200000    0.011   18.407    140.4        0
 8    2   0   2     1     1     200000    0.017   11.969     91.3    19351
 8    3   0   2     1     1     200000    0.016   12.380     94.5     3088
 8    4   0   2     1     1     200000    0.017   12.078     92.1     6517
 8    5   0   2     1     1     200000    0.016   12.602     96.1        0
 8    6   0   2     1     1     200000    0.018   11.385     86.9        0
 8    7   0   2     1     1     200000    0.019   10.476     79.9        0
 8    8   0   2     1     1     200000    0.019   10.560     80.6        0
 8    9   0   2     1     1     200000    0.019   10.411     79.4        0
 8   10   0   2     1     1     200000    0.021    9.341     71.3        0
 8    1   0   3     1     1     200000    0.010   20.031    152.8        0
 8    2   0   3     1     1     200000    0.018   10.876     83.0    36220
 8    3   0   3     1     1     200000    0.015   13.713    104.6    18805
 8    4   0   3     1     1     200000    0.017   11.800     90.0    14911
 8    5   0   3     1     1     200000    0.017   11.764     89.7    15842
 8    6   0   3     1     1     200000    0.016   12.546     95.7     2966
 8    7   0   3     1     1     200000    0.016   12.160     92.8    15606
 8    8   0   3     1     1     200000    0.017   12.034     91.8    15986
 8    9   0   3     1     1     200000    0.018   11.391     86.9     9075
 8   10   0   3     1     1     200000    0.020   10.060     76.8     1403
 8    1   0   4     1     1     200000    0.011   18.473    140.9        0
 8    2   0   4     1     1     200000    0.018   11.087     84.6    56162
 8    3   0   4     1     1     200000    0.016   12.621     96.3     6905
 8    4   0   4     1     1     200000    0.016   12.318     94.0    34766
 8    5   0   4     1     1     200000    0.016   12.678     96.7    20627
 8    6   0   4     1     1     200000    0.017   12.062     92.0    27672
 8    7   0   4     1     1     200000    0.016   12.370     94.4    21546
 8    8   0   4     1     1     200000    0.019   10.732     81.9    15800
 8    9   0   4     1     1     200000    0.019   10.698     81.6    39262
 8   10   0   4     1     1     200000    0.019   10.636     81.1     2546
 8    1   0   5     1     1     200000    0.011   18.216    139.0        0
 8    2   0   5     1     1     200000    0.019   10.370     79.1    53506
 8    3   0   5     1     1     200000    0.016   12.270     93.6    35133
 8    4   0   5     1     1     200000    0.017   11.629     88.7    38925
 8    5   0   5     1     1     200000    0.017   11.480     87.6    41625
 8    6   0   5     1     1     200000    0.017   11.648     88.9    39086
 8    7   0   5     1     1     200000    0.018   10.865     82.9    47079
 8    8   0   5     1     1     200000    0.020   10.147     77.4    24582
 8    9   0   5     1     1     200000    0.020    9.938     75.8    13351
 8   10   0   5     1     1     200000    0.020   10.111     77.1     2532
 8    1   0   6     1     1     200000    0.011   17.850    136.2        0
 8    2   0   6     1     1     200000    0.020    9.795     74.7    67564
 8    3   0   6     1     1     200000    0.018   11.172     85.2    47881
 8    4   0   6     1     1     200000    0.019   10.469     79.9    59467
 8    5   0   6     1     1     200000    0.018   10.822     82.6    57500
 8    6   0   6     1     1     200000    0.021    9.720     74.2    61091
 8    7   0   6     1     1     200000    0.019   10.678     81.5    39830
 8    8   0   6     1     1     200000    0.019   10.571     80.7    17308
 8    9   0   6     1     1     200000    0.019   10.623     81.0    12949
 8   10   0   6     1     1     200000    0.021    9.632     73.5     2954
 8    1   0   7     1     1     200000    0.012   17.378    132.6        0
 8    2   0   7     1     1     200000    0.021    9.755     74.4    73623
 8    3   0   7     1     1     200000    0.019   10.750     82.0    60177
 8    4   0   7     1     1     200000    0.019   10.586     80.8    62136
 8    5   0   7     1     1     200000    0.020   10.149     77.4    76509
 8    6   0   7     1     1     200000    0.019   10.499     80.1    51487
 8    7   0   7     1     1     200000    0.019   10.347     78.9    34806
 8    8   0   7     1     1     200000    0.019   10.326     78.8    22319
 8    9   0   7     1     1     200000    0.020   10.242     78.1    12027
 8   10   0   7     1     1     200000    0.019   10.637     81.2     5114
 8    1   0   8     1     1     200000    0.013   15.665    119.5    14518
 8    2   0   8     1     1     200000    0.019   10.453     79.8    88089
 8    3   0   8     1     1     200000    0.019   10.592     80.8    72801
 8    4   0   8     1     1     200000    0.020    9.786     74.7    87684
 8    5   0   8     1     1     200000    0.020    9.796     74.7    72907
 8    6   0   8     1     1     200000    0.019   10.505     80.1    45537
 8    7   0   8     1     1     200000    0.018   11.069     84.5    25779
 8    8   0   8     1     1     200000    0.020    9.898     75.5    30513
 8    9   0   8     1     1     200000    0.020   10.219     78.0    10055
 8   10   0   8     1     1     200000    0.021    9.745     74.3     2247
 8    1   0   9     1     1     200000    0.014   13.887    105.9    21232
 8    2   0   9     1     1     200000    0.023    8.732     66.6   112553
 8    3   0   9     1     1     200000    0.019   10.397     79.3    76702
 8    4   0   9     1     1     200000    0.020   10.086     77.0    86995
 8    5   0   9     1     1     200000    0.021    9.735     74.3    54264
 8    6   0   9     1     1     200000    0.019   10.360     79.0    39000
 8    7   0   9     1     1     200000    0.018   11.196     85.4    29116
 8    8   0   9     1     1     200000    0.020   10.123     77.2    18048
 8    9   0   9     1     1     200000    0.019   10.257     78.3     9484
 8   10   0   9     1     1     200000    0.020    9.966     76.0     2502
 8    1   0  10     1     1     200000    0.014   14.522    110.8    21205
 8    2   0  10     1     1     200000    0.022    9.028     68.9   103244
 8    3   0  10     1     1     200000    0.020    9.960     76.0    80731
 8    4   0  10     1     1     200000    0.020   10.107     77.1    82797
 8    5   0  10     1     1     200000    0.019   10.797     82.4    50575
 8    6   0  10     1     1     200000    0.020   10.106     77.1    38658
 8    7   0  10     1     1     200000    0.019   10.647     81.2    22803
 8    8   0  10     1     1     200000    0.019   10.636     81.1    21549
 8    9   0  10     1     1     200000    0.020   10.238     78.1     9107
 8   10   0  10     1     1     200000    0.021    9.317     71.1     3752

best small-producer grid: nc=1 ns=3  20.031 Mpps  152.8 MiB/s
grid aggregate: 100 topologies  mean=11.347 Mpps  stddev=2.269 Mpps  median=10.647 Mpps

~/pi_ground/antfarm main* ⇡
❯ ./perftest/throughput --huge yes --body 1 --batch 256 --grid 10 --ac 0 --constant-callandlength
Ant Farm throughput  Ln=2097152 (16.0 MiB)  repeats=3  callback=per-worker-batched  write=constant-callandlength  huge=yes

== phase 1: small-producer grid nb=0, ns/nc 1..10 (body=1 batch=256) ==
K    nc  nb  ns  body   bat          N      sec     Mpps    MiB/s   stalls  note
 8    1   0   1     1   256   16000000    0.103  155.759   1188.3        0
 8    2   0   1     1   256   16000000    0.124  128.830    982.9        0
 8    3   0   1     1   256   16000000    0.126  127.390    971.9        0
 8    4   0   1     1   256   16000000    0.128  124.995    953.6        0
 8    5   0   1     1   256   16000000    0.130  122.894    937.6        0
 8    6   0   1     1   256   16000000    0.132  121.009    923.2        0
 8    7   0   1     1   256   16000000    0.135  118.828    906.6        0
 8    8   0   1     1   256   16000000    0.191   83.774    639.1        0
 8    9   0   1     1   256   16000000    0.183   87.444    667.1        0
 8   10   0   1     1   256   16000000    0.182   87.876    670.4        0
 8    1   0   2     1   256   16000000    0.084  190.293   1451.8   168889
 8    2   0   2     1   256   16000000    0.064  249.950   1907.0        0
 8    3   0   2     1   256   16000000    0.069  233.152   1778.8        0
 8    4   0   2     1   256   16000000    0.073  220.264   1680.5        0
 8    5   0   2     1   256   16000000    0.094  169.477   1293.0        0
 8    6   0   2     1   256   16000000    0.093  171.686   1309.9        0
 8    7   0   2     1   256   16000000    0.102  157.041   1198.1        0
 8    8   0   2     1   256   16000000    0.102  157.574   1202.2      393
 8    9   0   2     1   256   16000000    0.104  153.364   1170.1        0
 8   10   0   2     1   256   16000000    0.108  147.879   1128.2    13200
 8    1   0   3     1   256   16000000    0.084  190.884   1456.3   333283
 8    2   0   3     1   256   16000000    0.052  306.096   2335.3    88902
 8    3   0   3     1   256   16000000    0.049  325.955   2486.8    31306
 8    4   0   3     1   256   16000000    0.047  340.263   2596.0     5005
 8    5   0   3     1   256   16000000    0.070  229.792   1753.2     3072
 8    6   0   3     1   256   16000000    0.066  241.884   1845.4      486
 8    7   0   3     1   256   16000000    0.074  215.620   1645.1     3174
 8    8   0   3     1   256   16000000    0.070  228.230   1741.3        0
 8    9   0   3     1   256   16000000    0.072  223.369   1704.2     1088
 8   10   0   3     1   256   16000000    0.078  203.996   1556.4    23984
 8    1   0   4     1   256   16000000    0.082  193.955   1479.8   474781
 8    2   0   4     1   256   16000000    0.055  292.942   2235.0   187472
 8    3   0   4     1   256   16000000    0.058  277.356   2116.1    97963
 8    4   0   4     1   256   16000000    0.054  296.583   2262.7        0
 8    5   0   4     1   256   16000000    0.057  280.217   2137.9     4454
 8    6   0   4     1   256   16000000    0.058  277.594   2117.9     3195
 8    7   0   4     1   256   16000000    0.055  289.696   2210.2     2911
 8    8   0   4     1   256   16000000    0.068  236.137   1801.6    69702
 8    9   0   4     1   256   16000000    0.060  266.007   2029.5    29336
 8   10   0   4     1   256   16000000    0.105  151.939   1159.2     5130
 8    1   0   5     1   256   16000000    0.084  191.174   1458.5   622519
 8    2   0   5     1   256   16000000    0.056  287.760   2195.4   172931
 8    3   0   5     1   256   16000000    0.058  277.307   2115.7   178115
 8    4   0   5     1   256   16000000    0.053  299.686   2286.4   113022
 8    5   0   5     1   256   16000000    0.049  328.253   2504.4    59433
 8    6   0   5     1   256   16000000    0.048  335.608   2560.5     3658
 8    7   0   5     1   256   16000000    0.049  324.138   2473.0     5670
 8    8   0   5     1   256   16000000    0.081  196.966   1502.7    34824
 8    9   0   5     1   256   16000000    0.081  198.550   1514.8    59625
 8   10   0   5     1   256   16000000    0.088  181.305   1383.2     6011
 8    1   0   6     1   256   16000000    0.086  186.315   1421.5   678706
 8    2   0   6     1   256   16000000    0.057  280.364   2139.0   214571
 8    3   0   6     1   256   16000000    0.057  279.098   2129.3   197268
 8    4   0   6     1   256   16000000    0.056  283.276   2161.2   182366
 8    5   0   6     1   256   16000000    0.050  322.809   2462.8    81999
 8    6   0   6     1   256   16000000    0.050  318.459   2429.7    70999
 8    7   0   6     1   256   16000000    0.061  261.791   1997.3    29235
 8    8   0   6     1   256   16000000    0.070  228.726   1745.0     6726
 8    9   0   6     1   256   16000000    0.072  223.017   1701.5    16552
 8   10   0   6     1   256   16000000    0.095  168.186   1283.2    11869
 8    1   0   7     1   256   16000000    0.086  186.288   1421.3   740080
 8    2   0   7     1   256   16000000    0.063  254.564   1942.2   332365
 8    3   0   7     1   256   16000000    0.057  281.848   2150.3   244828
 8    4   0   7     1   256   16000000    0.054  297.275   2268.0   197319
 8    5   0   7     1   256   16000000    0.052  305.994   2334.5   176437
 8    6   0   7     1   256   16000000    0.052  306.876   2341.3    50496
 8    7   0   7     1   256   16000000    0.056  286.087   2182.7    10642
 8    8   0   7     1   256   16000000    0.068  234.634   1790.1    35976
 8    9   0   7     1   256   16000000    0.071  223.991   1708.9     7201
 8   10   0   7     1   256   16000000    0.093  171.790   1310.7    26708
 8    1   0   8     1   256   16000000    0.088  182.255   1390.5   798318
 8    2   0   8     1   256   16000000    0.062  259.209   1977.6   374871
 8    3   0   8     1   256   16000000    0.062  257.999   1968.4   362078
 8    4   0   8     1   256   16000000    0.056  284.913   2173.7   257905
 8    5   0   8     1   256   16000000    0.054  295.218   2252.3   132992
 8    6   0   8     1   256   16000000    0.049  329.739   2515.7    54401
 8    7   0   8     1   256   16000000    0.054  295.393   2253.7    16900
 8    8   0   8     1   256   16000000    0.059  272.854   2081.7    23532
 8    9   0   8     1   256   16000000    0.072  223.433   1704.7     3560
 8   10   0   8     1   256   16000000    0.090  177.703   1355.8    10772
 8    1   0   9     1   256   16000000    0.090  178.337   1360.6   864244
 8    2   0   9     1   256   16000000    0.072  222.001   1693.7   560363
 8    3   0   9     1   256   16000000    0.062  258.540   1972.5   390015
 8    4   0   9     1   256   16000000    0.059  271.699   2072.9   226371
 8    5   0   9     1   256   16000000    0.054  298.522   2277.5   118464
 8    6   0   9     1   256   16000000    0.049  325.778   2485.5    36957
 8    7   0   9     1   256   16000000    0.052  310.648   2370.1     4706
 8    8   0   9     1   256   16000000    0.061  262.866   2005.5     9012
 8    9   0   9     1   256   16000000    0.073  219.320   1673.3     8506
 8   10   0   9     1   256   16000000    0.076  209.649   1599.5    30098
 8    1   0  10     1   256   16000000    0.100  160.202   1222.2  1034717
 8    2   0  10     1   256   16000000    0.070  229.143   1748.2   539841
 8    3   0  10     1   256   16000000    0.066  243.898   1860.8   291067
 8    4   0  10     1   256   16000000    0.058  277.616   2118.0   200555
 8    5   0  10     1   256   16000000    0.055  291.569   2224.5   125088
 8    6   0  10     1   256   16000000    0.052  305.145   2328.1    29666
 8    7   0  10     1   256   16000000    0.051  314.265   2397.6     9306
 8    8   0  10     1   256   16000000    0.063  254.361   1940.6     5822
 8    9   0  10     1   256   16000000    0.067  240.218   1832.7    27728
 8   10   0  10     1   256   16000000    0.085  188.657   1439.3    30142

best small-producer grid: nc=4 ns=3  340.263 Mpps  2596.0 MiB/s
grid aggregate: 100 topologies  mean=234.413 Mpps  stddev=64.465 Mpps  median=240.218 Mpps

 ./perftest/throughput --huge yes --body 1 --batch 256 --grid 10 --ac 0
Ant Farm throughput  Ln=2097152 (16.0 MiB)  repeats=3  callback=per-worker-batched  write=payload-entry  huge=yes

== phase 1: small-producer grid nb=0, ns/nc 1..10 (body=1 batch=256) ==
K    nc  nb  ns  body   bat          N      sec     Mpps    MiB/s   stalls  note
 8    1   0   1     1   256   16000000    0.155  103.368    788.6        0
 8    2   0   1     1   256   16000000    0.161   99.383    758.2        0
 8    3   0   1     1   256   16000000    0.160  100.291    765.2        0
 8    4   0   1     1   256   16000000    0.166   96.189    733.9        0
 8    5   0   1     1   256   16000000    0.162   98.507    751.5        0
 8    6   0   1     1   256   16000000    0.164   97.556    744.3        0
 8    7   0   1     1   256   16000000    0.167   95.984    732.3        0
 8    8   0   1     1   256   16000000    0.167   95.532    728.9        0
 8    9   0   1     1   256   16000000    0.232   68.940    526.0        0
 8   10   0   1     1   256   16000000    0.233   68.684    524.0        0
 8    1   0   2     1   256   16000000    0.086  186.813   1425.3    80427
 8    2   0   2     1   256   16000000    0.082  195.896   1494.6        0
 8    3   0   2     1   256   16000000    0.083  192.143   1465.9        0
 8    4   0   2     1   256   16000000    0.087  183.119   1397.1        0
 8    5   0   2     1   256   16000000    0.112  142.828   1089.7        0
 8    6   0   2     1   256   16000000    0.117  136.838   1044.0        0
 8    7   0   2     1   256   16000000    0.124  129.481    987.9        0
 8    8   0   2     1   256   16000000    0.121  132.671   1012.2        0
 8    9   0   2     1   256   16000000    0.121  132.505   1010.9        0
 8   10   0   2     1   256   16000000    0.127  126.014    961.4    14495
 8    1   0   3     1   256   16000000    0.087  184.099   1404.6   253491
 8    2   0   3     1   256   16000000    0.053  300.461   2292.3      691
 8    3   0   3     1   256   16000000    0.059  271.176   2068.9        0
 8    4   0   3     1   256   16000000    0.079  202.210   1542.7        0
 8    5   0   3     1   256   16000000    0.083  191.746   1462.9        0
 8    6   0   3     1   256   16000000    0.084  189.983   1449.5     2360
 8    7   0   3     1   256   16000000    0.090  176.902   1349.7        0
 8    8   0   3     1   256   16000000    0.087  184.753   1409.6        0
 8    9   0   3     1   256   16000000    0.094  170.173   1298.3     6244
 8   10   0   3     1   256   16000000    0.094  170.227   1298.7    13714
 8    1   0   4     1   256   16000000    0.083  191.732   1462.8   381645
 8    2   0   4     1   256   16000000    0.052  309.484   2361.2    85117
 8    3   0   4     1   256   16000000    0.061  262.248   2000.8        0
 8    4   0   4     1   256   16000000    0.060  265.019   2021.9        0
 8    5   0   4     1   256   16000000    0.067  239.558   1827.7        1
 8    6   0   4     1   256   16000000    0.067  237.969   1815.6      161
 8    7   0   4     1   256   16000000    0.068  235.138   1794.0     2305
 8    8   0   4     1   256   16000000    0.070  229.829   1753.5    14743
 8    9   0   4     1   256   16000000    0.107  149.879   1143.5     9855
 8   10   0   4     1   256   16000000    0.116  137.402   1048.3    20902
 8    1   0   5     1   256   16000000    0.083  193.085   1473.1   499656
 8    2   0   5     1   256   16000000    0.057  280.064   2136.7   105201
 8    3   0   5     1   256   16000000    0.061  263.919   2013.5   121435
 8    4   0   5     1   256   16000000    0.056  284.440   2170.1    69623
 8    5   0   5     1   256   16000000    0.058  277.794   2119.4     3622
 8    6   0   5     1   256   16000000    0.058  277.920   2120.4     1029
 8    7   0   5     1   256   16000000    0.062  256.126   1954.1    26481
 8    8   0   5     1   256   16000000    0.083  191.866   1463.8     3398
 8    9   0   5     1   256   16000000    0.098  162.936   1243.1    13540
 8   10   0   5     1   256   16000000    0.111  144.523   1102.6     7495
 8    1   0   6     1   256   16000000    0.081  197.232   1504.8   544577
 8    2   0   6     1   256   16000000    0.059  273.072   2083.4   194457
 8    3   0   6     1   256   16000000    0.057  280.779   2142.2   116090
 8    4   0   6     1   256   16000000    0.053  301.520   2300.4    44764
 8    5   0   6     1   256   16000000    0.048  333.877   2547.3     6751
 8    6   0   6     1   256   16000000    0.053  301.751   2302.2    23572
 8    7   0   6     1   256   16000000    0.069  230.724   1760.3     4158
 8    8   0   6     1   256   16000000    0.078  205.997   1571.6     3850
 8    9   0   6     1   256   16000000    0.101  157.902   1204.7     6998
 8   10   0   6     1   256   16000000    0.098  163.645   1248.5    17531
 8    1   0   7     1   256   16000000    0.086  186.588   1423.6   610020
 8    2   0   7     1   256   16000000    0.059  271.040   2067.9   223598
 8    3   0   7     1   256   16000000    0.057  281.077   2144.4   185589
 8    4   0   7     1   256   16000000    0.054  293.951   2242.7   107197
 8    5   0   7     1   256   16000000    0.051  316.598   2415.5    72583
 8    6   0   7     1   256   16000000    0.068  235.358   1795.6    14369
 8    7   0   7     1   256   16000000    0.072  222.350   1696.4    35557
 8    8   0   7     1   256   16000000    0.076  211.288   1612.0    10414
 8    9   0   7     1   256   16000000    0.083  191.684   1462.4    27267
 8   10   0   7     1   256   16000000    0.101  158.310   1207.8    28518
 8    1   0   8     1   256   16000000    0.086  185.415   1414.6   541627
 8    2   0   8     1   256   16000000    0.063  252.281   1924.8   317699
 8    3   0   8     1   256   16000000    0.060  264.686   2019.4   269994
 8    4   0   8     1   256   16000000    0.054  296.247   2260.2   163476
 8    5   0   8     1   256   16000000    0.058  277.718   2118.8    59625
 8    6   0   8     1   256   16000000    0.059  269.555   2056.5     7924
 8    7   0   8     1   256   16000000    0.067  238.383   1818.7    13780
 8    8   0   8     1   256   16000000    0.076  211.628   1614.6     4277
 8    9   0   8     1   256   16000000    0.084  191.118   1458.1    25416
 8   10   0   8     1   256   16000000    0.087  184.337   1406.4     9508
 8    1   0   9     1   256   16000000    0.106  151.495   1155.8  1002010
 8    2   0   9     1   256   16000000    0.064  250.411   1910.5   331350
 8    3   0   9     1   256   16000000    0.060  264.751   2019.9   312453
 8    4   0   9     1   256   16000000    0.061  263.912   2013.5   107855
 8    5   0   9     1   256   16000000    0.053  301.217   2298.1    54584
 8    6   0   9     1   256   16000000    0.056  286.857   2188.5     6966
 8    7   0   9     1   256   16000000    0.064  250.907   1914.3    14779
 8    8   0   9     1   256   16000000    0.071  225.185   1718.0     5800
 8    9   0   9     1   256   16000000    0.096  167.008   1274.2     8570
 8   10   0   9     1   256   16000000    0.074  215.030   1640.6    15039
 8    1   0  10     1   256   16000000    0.107  149.129   1137.8  1068417
 8    2   0  10     1   256   16000000    0.071  224.635   1713.8   442342
 8    3   0  10     1   256   16000000    0.068  236.366   1803.3   244974
 8    4   0  10     1   256   16000000    0.062  256.350   1955.8   108420
 8    5   0  10     1   256   16000000    0.055  293.168   2236.7    54487
 8    6   0  10     1   256   16000000    0.054  293.699   2240.7     9278
 8    7   0  10     1   256   16000000    0.065  244.894   1868.4     7692
 8    8   0  10     1   256   16000000    0.072  223.551   1705.6     7091
 8    9   0  10     1   256   16000000    0.095  169.056   1289.8     4252
 8   10   0  10     1   256   16000000    0.102  157.026   1198.0     9382

best small-producer grid: nc=5 ns=6  333.877 Mpps  2547.3 MiB/s
grid aggregate: 100 topologies  mean=209.262 Mpps  stddev=64.421 Mpps  median=211.288 Mpps

❯ ./perftest/dual --huge yes --grid 8 --batch 256 --cons 0 --body 1 --constant-callandlength --ac 0 --n 12000000
Ant Farm dual-role throughput  Ln=2097152 (16.0 MiB)  repeats=3  tier=small  write=constant-callandlength  huge=yes

== dual-thread grid nd 1..8 (body=1 batch=256 consume=1 tier=small) ==
K    nd tier  body   bat  cons          N      sec     Mpps    MiB/s   stalls  note
 8    1 small     1   256     1   12000000    0.125   96.134    733.4        0
 8    2 small     1   256     1   12000000    0.075  159.836   1219.4    51512
 8    3 small     1   256     1   12000000    0.056  213.563   1629.4   104206
 8    4 small     1   256     1   12000000    0.050  239.062   1823.9   209780
 8    5 small     1   256     1   12000000    0.043  276.485   2109.4   206667
 8    6 small     1   256     1   12000000    0.039  305.064   2327.5   265728
 8    7 small     1   256     1   12000000    0.043  278.954   2128.3   315135
 8    8 small     1   256     1   12000000    0.043  276.505   2109.6   489811

best dual-thread grid: nd=6  305.064 Mpps  2327.5 MiB/s
grid aggregate: 8 topologies  mean=230.700 Mpps  stddev=71.260 Mpps  median=276.485 Mpps

~/pi_ground/antfarm main* ⇡
❯ ./perftest/dual --huge yes --grid 8 --batch 32 --cons 0 --body 1 --constant-callandlength --ac 0 --n 12000000
Ant Farm dual-role throughput  Ln=2097152 (16.0 MiB)  repeats=3  tier=small  write=constant-callandlength  huge=yes

== dual-thread grid nd 1..8 (body=1 batch=32 consume=1 tier=small) ==
K    nd tier  body   bat  cons          N      sec     Mpps    MiB/s   stalls  note
 8    1 small     1    32     1   12000000    0.124   96.429    735.7        0
 8    2 small     1    32     1   12000000    0.132   90.992    694.2   363234
 8    3 small     1    32     1   12000000    0.103  116.617    889.7   669039
 8    4 small     1    32     1   12000000    0.087  138.711   1058.3  1007702
 8    5 small     1    32     1   12000000    0.079  152.171   1161.0  1443584
 8    6 small     1    32     1   12000000    0.074  162.357   1238.7  1738818
 8    7 small     1    32     1   12000000    0.080  150.346   1147.0  2174985
 8    8 small     1    32     1   12000000    0.080  150.484   1148.1  2504827

best dual-thread grid: nd=6  162.357 Mpps  1238.7 MiB/s
grid aggregate: 8 topologies  mean=132.263 Mpps  stddev=27.346 Mpps  median=150.346 Mpps

~/pi_ground/antfarm main* ⇡
❯ ./perftest/dual --huge yes --grid 8 --batch 16 --cons 0 --body 1 --constant-callandlength --ac 0 --n 12000000
Ant Farm dual-role throughput  Ln=2097152 (16.0 MiB)  repeats=3  tier=small  write=constant-callandlength  huge=yes

== dual-thread grid nd 1..8 (body=1 batch=16 consume=1 tier=small) ==
K    nd tier  body   bat  cons          N      sec     Mpps    MiB/s   stalls  note
 8    1 small     1    16     1   12000000    0.144   83.066    633.7        0
 8    2 small     1    16     1   12000000    0.191   62.773    478.9   735897
 8    3 small     1    16     1   12000000    0.154   78.097    595.8  1395640
 8    4 small     1    16     1   12000000    0.142   84.334    643.4  2169362
 8    5 small     1    16     1   12000000    0.132   91.138    695.3  2783437
 8    6 small     1    16     1   12000000    0.128   93.430    712.8  3528008
 8    7 small     1    16     1   12000000    0.132   91.071    694.8  4212553
 8    8 small     1    16     1   12000000    0.136   88.531    675.4  4709098

best dual-thread grid: nd=6  93.430 Mpps  712.8 MiB/s
grid aggregate: 8 topologies  mean=84.055 Mpps  stddev=9.977 Mpps  median=88.531 Mpps

~/pi_ground/antfarm main* ⇡
❯ ./perftest/dual --huge yes --grid 8 --batch 1 --cons 0 --body 1 --constant-callandlength --ac 0 --n 12000000
Ant Farm dual-role throughput  Ln=2097152 (16.0 MiB)  repeats=3  tier=small  write=constant-callandlength  huge=yes

== dual-thread grid nd 1..8 (body=1 batch=1 consume=1 tier=small) ==
K    nd tier  body   bat  cons          N      sec     Mpps    MiB/s   stalls  note
 8    1 small     1     1     1   12000000    0.954   12.579     96.0        0
 8    2 small     1     1     1   12000000    1.635    7.341     56.0 11694901
 8    3 small     1     1     1   12000000    1.357    8.841     67.5 23601902
 8    4 small     1     1     1   12000000    1.501    7.996     61.0 35459778
 8    5 small     1     1     1   12000000    1.580    7.596     58.0 46891059
 8    6 small     1     1     1   12000000    1.659    7.234     55.2 59030647
 8    7 small     1     1     1   12000000    1.587    7.564     57.7 68987918
 8    8 small     1     1     1   12000000    1.642    7.309     55.8 80432080

best dual-thread grid: nd=1  12.579 Mpps  96.0 MiB/s
grid aggregate: 8 topologies  mean=8.307 Mpps  stddev=1.804 Mpps  median=7.596 Mpps
